1000
1999
0 1
1 2
2 3
3 4
4 5
5 6
6 7
7 8
8 9
9 10
10 11
11 12
12 13
13 14
14 15
15 16
16 17
17 18
18 19
19 20
20 21
21 22
22 23
23 24
24 25
25 26
26 27
27 28
28 29
29 30
30 31
31 32
32 33
33 34
34 35
35 36
36 37
37 38
38 39
39 40
40 41
41 42
42 43
43 44
44 45
45 46
46 47
47 48
48 49
49 50
50 51
51 52
52 53
53 54
54 55
55 56
56 57
57 58
58 59
59 60
60 61
61 62
62 63
63 64
64 65
65 66
66 67
67 68
68 69
69 70
70 71
71 72
72 73
73 74
74 75
75 76
76 77
77 78
78 79
79 80
80 81
81 82
82 83
83 84
84 85
85 86
86 87
87 88
88 89
89 90
90 91
91 92
92 93
93 94
94 95
95 96
96 97
97 98
98 99
99 100
100 101
101 102
102 103
103 104
104 105
105 106
106 107
107 108
108 109
109 110
110 111
111 112
112 113
113 114
114 115
115 116
116 117
117 118
118 119
119 120
120 121
121 122
122 123
123 124
124 125
125 126
126 127
127 128
128 129
129 130
130 131
131 132
132 133
133 134
134 135
135 136
136 137
137 138
138 139
139 140
140 141
141 142
142 143
143 144
144 145
145 146
146 147
147 148
148 149
149 150
150 151
151 152
152 153
153 154
154 155
155 156
156 157
157 158
158 159
159 160
160 161
161 162
162 163
163 164
164 165
165 166
166 167
167 168
168 169
169 170
170 171
171 172
172 173
173 174
174 175
175 176
176 177
177 178
178 179
179 180
180 181
181 182
182 183
183 184
184 185
185 186
186 187
187 188
188 189
189 190
190 191
191 192
192 193
193 194
194 195
195 196
196 197
197 198
198 199
199 200
200 201
201 202
202 203
203 204
204 205
205 206
206 207
207 208
208 209
209 210
210 211
211 212
212 213
213 214
214 215
215 216
216 217
217 218
218 219
219 220
220 221
221 222
222 223
223 224
224 225
225 226
226 227
227 228
228 229
229 230
230 231
231 232
232 233
233 234
234 235
235 236
236 237
237 238
238 239
239 240
240 241
241 242
242 243
243 244
244 245
245 246
246 247
247 248
248 249
249 250
250 251
251 252
252 253
253 254
254 255
255 256
256 257
257 258
258 259
259 260
260 261
261 262
262 263
263 264
264 265
265 266
266 267
267 268
268 269
269 270
270 271
271 272
272 273
273 274
274 275
275 276
276 277
277 278
278 279
279 280
280 281
281 282
282 283
283 284
284 285
285 286
286 287
287 288
288 289
289 290
290 291
291 292
292 293
293 294
294 295
295 296
296 297
297 298
298 299
299 300
300 301
301 302
302 303
303 304
304 305
305 306
306 307
307 308
308 309
309 310
310 311
311 312
312 313
313 314
314 315
315 316
316 317
317 318
318 319
319 320
320 321
321 322
322 323
323 324
324 325
325 326
326 327
327 328
328 329
329 330
330 331
331 332
332 333
333 334
334 335
335 336
336 337
337 338
338 339
339 340
340 341
341 342
342 343
343 344
344 345
345 346
346 347
347 348
348 349
349 350
350 351
351 352
352 353
353 354
354 355
355 356
356 357
357 358
358 359
359 360
360 361
361 362
362 363
363 364
364 365
365 366
366 367
367 368
368 369
369 370
370 371
371 372
372 373
373 374
374 375
375 376
376 377
377 378
378 379
379 380
380 381
381 382
382 383
383 384
384 385
385 386
386 387
387 388
388 389
389 390
390 391
391 392
392 393
393 394
394 395
395 396
396 397
397 398
398 399
399 400
400 401
401 402
402 403
403 404
404 405
405 406
406 407
407 408
408 409
409 410
410 411
411 412
412 413
413 414
414 415
415 416
416 417
417 418
418 419
419 420
420 421
421 422
422 423
423 424
424 425
425 426
426 427
427 428
428 429
429 430
430 431
431 432
432 433
433 434
434 435
435 436
436 437
437 438
438 439
439 440
440 441
441 442
442 443
443 444
444 445
445 446
446 447
447 448
448 449
449 450
450 451
451 452
452 453
453 454
454 455
455 456
456 457
457 458
458 459
459 460
460 461
461 462
462 463
463 464
464 465
465 466
466 467
467 468
468 469
469 470
470 471
471 472
472 473
473 474
474 475
475 476
476 477
477 478
478 479
479 480
480 481
481 482
482 483
483 484
484 485
485 486
486 487
487 488
488 489
489 490
490 491
491 492
492 493
493 494
494 495
495 496
496 497
497 498
498 499
499 500
500 501
501 502
502 503
503 504
504 505
505 506
506 507
507 508
508 509
509 510
510 511
511 512
512 513
513 514
514 515
515 516
516 517
517 518
518 519
519 520
520 521
521 522
522 523
523 524
524 525
525 526
526 527
527 528
528 529
529 530
530 531
531 532
532 533
533 534
534 535
535 536
536 537
537 538
538 539
539 540
540 541
541 542
542 543
543 544
544 545
545 546
546 547
547 548
548 549
549 550
550 551
551 552
552 553
553 554
554 555
555 556
556 557
557 558
558 559
559 560
560 561
561 562
562 563
563 564
564 565
565 566
566 567
567 568
568 569
569 570
570 571
571 572
572 573
573 574
574 575
575 576
576 577
577 578
578 579
579 580
580 581
581 582
582 583
583 584
584 585
585 586
586 587
587 588
588 589
589 590
590 591
591 592
592 593
593 594
594 595
595 596
596 597
597 598
598 599
599 600
600 601
601 602
602 603
603 604
604 605
605 606
606 607
607 608
608 609
609 610
610 611
611 612
612 613
613 614
614 615
615 616
616 617
617 618
618 619
619 620
620 621
621 622
622 623
623 624
624 625
625 626
626 627
627 628
628 629
629 630
630 631
631 632
632 633
633 634
634 635
635 636
636 637
637 638
638 639
639 640
640 641
641 642
642 643
643 644
644 645
645 646
646 647
647 648
648 649
649 650
650 651
651 652
652 653
653 654
654 655
655 656
656 657
657 658
658 659
659 660
660 661
661 662
662 663
663 664
664 665
665 666
666 667
667 668
668 669
669 670
670 671
671 672
672 673
673 674
674 675
675 676
676 677
677 678
678 679
679 680
680 681
681 682
682 683
683 684
684 685
685 686
686 687
687 688
688 689
689 690
690 691
691 692
692 693
693 694
694 695
695 696
696 697
697 698
698 699
699 700
700 701
701 702
702 703
703 704
704 705
705 706
706 707
707 708
708 709
709 710
710 711
711 712
712 713
713 714
714 715
715 716
716 717
717 718
718 719
719 720
720 721
721 722
722 723
723 724
724 725
725 726
726 727
727 728
728 729
729 730
730 731
731 732
732 733
733 734
734 735
735 736
736 737
737 738
738 739
739 740
740 741
741 742
742 743
743 744
744 745
745 746
746 747
747 748
748 749
749 750
750 751
751 752
752 753
753 754
754 755
755 756
756 757
757 758
758 759
759 760
760 761
761 762
762 763
763 764
764 765
765 766
766 767
767 768
768 769
769 770
770 771
771 772
772 773
773 774
774 775
775 776
776 777
777 778
778 779
779 780
780 781
781 782
782 783
783 784
784 785
785 786
786 787
787 788
788 789
789 790
790 791
791 792
792 793
793 794
794 795
795 796
796 797
797 798
798 799
799 800
800 801
801 802
802 803
803 804
804 805
805 806
806 807
807 808
808 809
809 810
810 811
811 812
812 813
813 814
814 815
815 816
816 817
817 818
818 819
819 820
820 821
821 822
822 823
823 824
824 825
825 826
826 827
827 828
828 829
829 830
830 831
831 832
832 833
833 834
834 835
835 836
836 837
837 838
838 839
839 840
840 841
841 842
842 843
843 844
844 845
845 846
846 847
847 848
848 849
849 850
850 851
851 852
852 853
853 854
854 855
855 856
856 857
857 858
858 859
859 860
860 861
861 862
862 863
863 864
864 865
865 866
866 867
867 868
868 869
869 870
870 871
871 872
872 873
873 874
874 875
875 876
876 877
877 878
878 879
879 880
880 881
881 882
882 883
883 884
884 885
885 886
886 887
887 888
888 889
889 890
890 891
891 892
892 893
893 894
894 895
895 896
896 897
897 898
898 899
899 900
900 901
901 902
902 903
903 904
904 905
905 906
906 907
907 908
908 909
909 910
910 911
911 912
912 913
913 914
914 915
915 916
916 917
917 918
918 919
919 920
920 921
921 922
922 923
923 924
924 925
925 926
926 927
927 928
928 929
929 930
930 931
931 932
932 933
933 934
934 935
935 936
936 937
937 938
938 939
939 940
940 941
941 942
942 943
943 944
944 945
945 946
946 947
947 948
948 949
949 950
950 951
951 952
952 953
953 954
954 955
955 956
956 957
957 958
958 959
959 960
960 961
961 962
962 963
963 964
964 965
965 966
966 967
967 968
968 969
969 970
970 971
971 972
972 973
973 974
974 975
975 976
976 977
977 978
978 979
979 980
980 981
981 982
982 983
983 984
984 985
985 986
986 987
987 988
988 989
989 990
990 991
991 992
992 993
993 994
994 995
995 996
996 997
997 998
998 999
720 897
58 895
30 107
982 523
438 709
154 355
946 525
190 689
168 751
482 641
286 777
48 895
304 521
6 765
384 447
490 491
74 775
204 725
250 307
876 271
920 751
110 461
396 383
148 673
224 125
638 755
832 293
414 233
216 475
286 495
774 577
210 517
816 35
902 437
716 237
476 145
914 103
452 161
594 325
270 441
534 547
234 339
810 305
578 487
802 483
446 761
336 29
832 447
914 445
210 743
72 131
638 307
334 135
662 595
376 927
460 451
596 43
594 115
572 283
580 303
542 69
460 731
972 9
968 525
584 901
856 507
98 491
282 421
650 725
588 719
34 823
342 447
154 557
832 743
670 83
972 187
826 715
716 957
232 917
880 151
310 291
16 59
430 551
266 581
882 13
196 465
156 883
134 59
78 583
404 163
954 963
956 803
568 127
178 425
720 747
744 631
26 383
906 205
760 669
468 557
430 565
938 97
876 581
120 833
146 725
308 989
124 257
178 45
318 349
750 981
786 921
634 701
464 745
940 887
628 405
0 253
704 891
810 227
786 497
954 441
92 205
570 653
38 887
744 715
100 871
788 833
588 897
538 177
456 871
192 253
694 649
848 779
286 507
46 585
572 949
310 289
790 493
542 915
168 75
954 69
758 565
0 317
10 905
422 561
572 277
638 503
452 785
370 529
34 833
646 125
230 925
16 283
702 873
824 807
506 637
340 377
998 237
422 321
658 715
72 631
634 151
590 73
972 249
942 671
820 103
80 949
254 41
126 455
534 53
304 769
636 559
46 737
642 883
760 573
508 387
44 713
596 735
214 69
298 325
124 755
386 77
224 519
340 153
160 787
308 739
996 995
64 953
796 699
812 53
228 33
640 247
392 57
442 111
722 125
612 197
822 231
372 525
258 575
776 223
680 801
306 845
894 779
554 711
834 155
298 857
336 999
198 81
444 343
954 323
302 463
2 167
522 955
44 483
408 317
106 779
156 513
614 751
246 671
4 813
6 141
264 763
458 421
78 133
608 131
598 349
660 35
484 227
824 645
778 959
944 893
714 921
556 969
690 459
140 235
280 163
48 393
14 815
204 867
728 915
614 451
516 573
226 41
128 3
312 935
252 261
14 403
160 351
408 459
788 145
704 111
978 39
106 641
942 151
238 361
228 529
676 193
166 875
484 113
938 821
340 615
812 451
846 355
956 279
434 703
110 79
88 687
292 617
66 109
614 91
462 975
562 623
508 363
658 981
150 221
928 273
490 409
936 81
794 545
686 309
688 491
448 529
630 877
976 91
912 589
24 245
816 119
610 503
434 75
920 135
666 601
666 833
68 967
362 421
938 907
750 313
130 537
24 261
754 187
506 339
782 831
716 129
416 757
556 943
586 113
20 455
766 313
800 693
926 151
424 73
508 73
972 103
778 767
206 441
530 919
262 835
72 173
736 439
992 933
16 727
74 699
26 771
758 547
666 105
964 37
644 967
412 331
240 701
870 201
564 969
138 537
104 761
746 813
284 163
776 837
470 33
316 891
202 759
22 335
368 963
540 435
52 363
262 531
378 133
958 1
90 249
742 89
532 997
156 107
4 291
894 141
934 165
614 17
518 815
608 213
50 333
152 623
130 631
372 359
572 219
266 317
206 755
768 375
390 209
690 201
618 461
716 413
714 727
728 779
172 733
420 493
418 955
222 581
708 427
812 413
722 743
12 353
26 287
112 589
450 275
152 933
570 693
876 189
206 757
114 187
454 753
442 497
780 803
406 327
596 343
610 65
366 663
954 975
532 341
436 583
94 867
228 419
364 63
392 23
92 193
966 961
612 691
424 165
722 895
936 515
314 379
786 545
704 627
244 335
534 485
128 33
792 443
512 205
414 383
934 703
980 583
218 763
756 123
498 277
108 957
518 965
812 63
358 639
890 323
508 599
950 319
392 617
44 267
810 273
442 881
84 905
912 53
838 691
670 385
716 807
114 71
780 679
82 689
998 799
360 547
360 945
646 963
246 759
632 1
698 737
798 407
560 779
844 909
602 513
172 701
350 595
974 251
144 623
638 141
120 11
286 277
128 235
524 905
944 259
244 477
776 517
716 169
132 117
892 293
264 459
262 645
716 395
76 481
668 343
176 297
944 5
904 197
900 743
946 415
186 727
792 551
460 619
44 751
798 585
828 575
870 955
10 333
130 59
678 955
700 767
854 27
370 683
48 505
30 893
334 289
384 311
2 249
72 487
490 385
42 323
280 209
404 9
872 409
722 687
854 495
726 53
18 85
664 621
752 979
596 523
658 547
980 767
942 587
162 43
820 975
860 303
252 803
60 539
628 707
668 261
448 7
378 421
122 383
138 411
660 529
550 179
958 225
454 285
730 979
956 13
494 119
286 481
644 479
756 963
616 709
672 723
998 33
706 1
368 761
286 103
24 403
260 29
518 327
252 65
262 513
804 849
384 77
944 381
316 835
772 825
922 723
180 421
354 821
466 511
866 445
134 269
594 187
592 289
176 543
26 555
538 661
754 823
540 85
234 177
40 585
516 275
172 527
28 219
136 93
960 819
34 573
540 809
688 33
864 93
808 137
692 939
286 593
62 115
114 379
154 719
588 607
38 307
68 193
548 689
516 609
534 333
262 367
330 807
182 321
310 873
112 205
892 593
898 741
704 585
168 923
716 659
228 893
152 719
300 73
84 515
850 181
200 305
256 825
830 27
642 417
894 185
502 203
384 567
846 415
202 241
494 367
612 887
542 101
610 361
650 687
864 717
494 645
916 731
982 355
196 941
98 387
564 209
578 721
716 67
562 711
186 575
56 311
604 221
826 949
294 289
138 57
508 331
102 481
898 867
178 955
40 529
682 683
478 129
726 499
348 933
238 391
466 895
608 187
122 755
982 495
258 903
868 771
372 795
208 615
506 789
356 245
342 977
760 303
374 5
274 599
770 637
92 677
718 153
194 243
912 193
942 617
766 521
242 433
212 373
872 39
326 493
698 405
318 159
356 537
106 377
676 715
918 379
216 177
506 249
62 63
904 647
760 973
810 489
316 607
132 715
316 451
532 187
420 389
812 937
964 831
834 397
782 289
832 489
828 357
206 203
962 487
958 669
692 383
320 461
768 321
720 129
826 73
86 937
356 45
52 413
572 899
574 173
6 403
814 731
24 719
254 359
528 137
234 429
26 885
222 223
422 249
244 315
662 617
576 551
962 901
856 335
138 139
800 349
702 181
82 5
150 361
814 639
160 393
688 853
290 897
124 943
336 985
890 903
902 725
902 765
476 989
304 503
694 551
886 301
806 809
772 85
346 417
180 283
30 27
940 731
700 255
148 813
774 669
938 821
610 723
702 737
618 877
212 673
24 529
760 865
714 231
324 715
126 953
864 403
504 123
976 19
800 103
258 791
454 221
556 597
538 613
922 773
286 77
18 673
320 615
430 277
344 679
296 871
756 119
28 389
538 829
356 859
678 775
762 31
650 621
958 623
246 625
544 833
344 181
582 51
982 403
866 345
764 561
268 841
904 83
542 131
436 803
240 333
998 311
220 443
72 587
178 987
580 121
632 675
190 331
932 403
314 67
234 55
582 803
308 819
940 455
326 13
784 21
570 485
648 129
588 205
946 623
312 83
944 987
954 797
498 427
388 303
628 591
974 863
360 561
282 897
306 585
358 385
78 811
956 47
540 211
694 221
422 239
744 933
800 519
912 589
466 985
10 607
132 153
792 73
386 919
948 255
702 961
354 937
516 13
78 495
762 981
362 337
886 55
480 551
940 663
160 517
728 233
314 971
188 375
510 859
10 241
110 67
84 481
806 867
450 355
536 73
810 881
716 595
824 587
764 621
142 97
314 477
772 623
718 949
608 155
776 599
80 571
108 605
226 881
122 993
474 507
224 227
876 847
208 451
886 597
448 415
50 93
462 101
418 621
174 195
778 579
446 957
88 983
8 965
654 309
666 515
204 921
706 141
218 747
564 807
390 719
518 33
250 629
462 355
904 107
810 619
738 263
706 235
100 175
242 565
724 219
274 193
886 289
138 705
688 891
168 953
618 181
36 95
70 337
40 161
738 737
736 921
602 233
642 531
800 135
592 673
216 189
816 369
2 623
506 891
96 241
790 81
74 689
822 125
14 157
980 301
952 303
828 899
902 287
302 219
412 937
764 245
958 495
134 261
390 943
408 775
618 497
20 229
932 979
888 111
50 807
300 873
324 901
322 859
800 731
872 469
422 107
216 847
324 497
778 603
372 475
32 315
768 217
66 591
424 673
396 347
146 625
838 325
598 57
772 653
810 179
436 161
512 345
230 183
50 271
548 237
986 691
678 815
422 91
144 463
744 791
666 145
968 71
322 625
580 375
80 35
592 321
992 167
490 145
388 469
646 175
588 643
450 503
892 275
160 453
152 739
180 243
800 665
848 193
330 611
126 347
840 687
364 385
798 109
688 961
256 651
524 131
866 371
506 359
370 439
194 49
8 469
546 99
978 557
932 723
458 995
406 665
62 879
368 129
626 667
